1101111010000101101101111
1011000101100000001101101
1010100011100001110010101
0001101011101110101001110
1011101011010110101011111
1010101101111111101100001
1100000111000011001011101
0110001000100101000000000
1101100011000111100010010
0011100001110110000111000
1010000110001110001010011
1001010100101111001110110
0111001111011000011001011
0101010100111100111001001
0001011100011000000110001
1011010101001101011011111
0001101001110010111111000
1110000011110001100001010
0101010011111100101010111
1000011001000011111110100
1111110001010100001000011
0011011100010110000010000
0111000010010111011001101
1100011100011111111010101
1111110011111011111101001
